Matrix 225 225
0 633010874 0 273553858 0 573971523 0 266745776 0 841554911 0 582477221 0 997569673 0 633010874 0 655286939 0 905426119 0 403004467 0 848388371 0 449387437 0 842179205 0 940373495 0 655286939 0 886446957 0 999266675 0 780443686 0 423888467 0 778238963 0 770566461 0 273553858 0 886446957 0 852434584 0 104658970 0 35939019 0 665244422 0 990961484 0 843906894 0 905426119 0 852434584 0 28520304 0 736299258 0 51818723 0 271243894 0 264548190 0 573971523 0 999266675 0 28520304 0 835077347 0 820965314 0 914991281 0 542992192 0 213956925 0 403004467 0 104658970 0 835077347 0 84995334 0 567433872 0 727682259 0 952996376 0 266745776 0 780443686 0 736299258 0 84995334 0 885176962 0 553927535 0 608768214 0 656768604 0 848388371 0 35939019 0 820965314 0 885176962 0 23493242 0 438239497 0 839537495 0 841554911 0 423888467 0 51818723 0 567433872 0 23493242 0 530342222 0 470169673 0 92636668 0 449387437 0 665244422 0 914991281 0 553927535 0 530342222 0 581356750 0 680353813 0 582477221 0 778238963 0 271243894 0 727682259 0 438239497 0 581356750 0 422456165 0 510381496 0 842179205 0 990961484 0 542992192 0 608768214 0 470169673 0 422456165 0 768698663 0 997569673 0 770566461 0 264548190 0 952996376 0 839537495 0 680353813 0 768698663 0 873606389 0 940373495 0 843906894 0 213956925 0 656768604 0 92636668 0 510381496 0 873606389 0 
633010874 0 906564732 0 847525381 0 840717299 0 108300680 0 424032125 0 580046887 0 997569673 0 288297806 0 560713051 0 308430579 0 251392831 0 297775801 0 291566635 0 782552693 0 655286939 0 541733889 0 885713625 0 779710354 0 204332146 0 202127423 0 548805417 0 770566461 0 160000808 0 738881534 0 957093554 0 140597989 0 701183441 0 656205899 0 834868371 0 905426119 0 757860696 0 880954888 0 764819562 0 788117981 0 323062617 0 535792084 0 264548190 0 573238191 0 27786972 0 863597651 0 656042654 0 735956588 0 457983466 0 756949117 0 403004467 0 507663437 0 939736317 0 920072681 0 652429206 0 295116124 0 680678628 0 952996376 0 47189455 0 516742937 0 821294592 0 970172296 0 439104490 0 162695742 0 265536811 0 848388371 0 884327390 0 856904333 0 706142269 0 908670204 0 461732739 0 277776985 0 839537495 0 265443371 0 475707190 0 619252595 0 590927114 0 553835464 0 511888 0 562806341 0 449387437 0 114631852 0 580235696 0 468918809 0 84269750 0 111698965 0 261710556 0 680353813 0 360716177 0 49482850 0 998926153 0 165921749 0 19596240 0 3812908 0 932837661 0 842179205 0 833140682 0 533953669 0 151760399 0 78937880 0 892625838 0 191154821 0 768698663 0 768136127 0 35114644 0 217544559 0 792533864 0 519891301 0 449052469 0 642305045 0 940373495 0 784280382 0 57863812 0 870725529 0 749405272 0 603018164 0 383987878 0 873606389 
0 906564732 0 480536248 0 114271150 0 682272203 0 690777901 0 421601791 0 580046887 0 655286939 0 193723918 0 963717518 0 156818943 0 700780268 0 139954999 0 231940123 0 842179205 0 541733889 0 541000557 0 666157304 0 203598814 0 982571109 0 972693884 0 548805417 0 886446957 0 12435385 0 843540504 0 993032573 0 805842411 0 692144918 0 500112786 0 990961484 0 757860696 0 786381000 0 617254139 0 816638285 0 59361868 0 587610807 0 535792084 0 999266675 0 601758495 0 862864319 0 684562958 0 571033928 0 278948773 0 671940391 0 542992192 0 507663437 0 342740777 0 24731644 0 487506546 0 380111458 0 248112493 0 680678628 0 780443686 0 783488713 0 601738271 0 706471547 0 524099824 0 47872697 0 819464346 0 608768214 0 884327390 0 705292697 0 742081288 0 729635511 0 346909694 0 301270227 0 277776985 0 423888467 0 317262094 0 43141055 0 642745837 0 121269329 0 24005130 0 93148556 0 470169673 0 114631852 0 29623126 0 134163224 0 999261031 0 665626500 0 792052778 0 261710556 0 778238963 0 631960071 0 777165109 0 437165643 0 747278499 0 442052405 0 514194404 0 422456165 0 833140682 0 376132867 0 142721876 0 621930072 0 501394045 0 661324494 0 191154821 0 770566461 0 32684310 0 988111020 0 57082047 0 472887670 0 288589957 0 322658851 0 768698663 0 784280382 0 998237307 0 714632416 0 963362197 0 259786761 0 476624546 0 383987878 0 
273553858 0 480536248 0 747282024 0 955826061 0 264749417 0 688347567 0 421601791 0 582477221 0 560713051 0 596728385 0 812105882 0 606206380 0 542959466 0 80328487 0 291566635 0 886446957 0 541000557 0 321444236 0 90045764 0 981837777 0 753137563 0 972693884 0 778238963 0 738881534 0 117094355 0 879479523 0 658276988 0 796803888 0 536051805 0 656205899 0 852434584 0 786381000 0 522680251 0 669072862 0 87882172 0 323910058 0 587610807 0 271243894 0 27786972 0 436835835 0 683829626 0 599554232 0 114026113 0 492905698 0 457983466 0 104658970 0 342740777 0 427736111 0 592165516 0 215188798 0 333107827 0 248112493 0 727682259 0 516742937 0 868484047 0 486915226 0 260399075 0 132868031 0 704641301 0 162695742 0 35939019 0 705292697 0 590469652 0 765574530 0 167875001 0 186447182 0 301270227 0 438239497 0 475707190 0 884695966 0 66634297 0 173088052 0 591439002 0 116641798 0 511888 0 665244422 0 29623126 0 583550661 0 664505446 0 580617774 0 345980306 0 792052778 0 581356750 0 49482850 0 359642323 0 215404599 0 18522386 0 169734657 0 952433901 0 3812908 0 990961484 0 376132867 0 984901081 0 612891549 0 44386230 0 270092701 0 661324494 0 422456165 0 35114644 0 985680686 0 827648508 0 737435860 0 241586326 0 162196339 0 449052469 0 843906894 0 998237307 0 655005904 0 807269084 0 473743686 0 133393143 0 476624546 0 510381496 
0 847525381 0 747282024 0 588836928 0 538303275 0 262319083 0 688347567 0 424032125 0 905426119 0 963717518 0 445116749 0 261493312 0 448385578 0 483332954 0 139954999 0 449387437 0 885713625 0 321444236 0 745332703 0 868284727 0 752404231 0 753137563 0 202127423 0 852434584 0 843540504 0 153033374 0 544723938 0 649238465 0 640710775 0 692144918 0 665244422 0 880954888 0 522680251 0 574498974 0 940316756 0 352430362 0 323910058 0 323062617 0 28520304 0 862864319 0 257801142 0 598820900 0 142546417 0 327983038 0 278948773 0 914991281 0 939736317 0 427736111 0 995169983 0 319847768 0 168185167 0 333107827 0 295116124 0 736299258 0 601738271 0 753661002 0 40842754 0 869167289 0 789636635 0 47872697 0 553927535 0 856904333 0 590469652 0 613962894 0 203814020 0 7412489 0 186447182 0 461732739 0 51818723 0 43141055 0 908189208 0 596976519 0 643257725 0 684075670 0 24005130 0 530342222 0 580235696 0 583550661 0 113892876 0 245862189 0 260971580 0 345980306 0 111698965 0 271243894 0 777165109 0 797881820 0 796761349 0 440978551 0 680116153 0 442052405 0 581356750 0 533953669 0 984901081 0 455070747 0 35347707 0 813084893 0 270092701 0 892625838 0 264548190 0 988111020 0 825218174 0 508002314 0 506134516 0 115192708 0 288589957 0 680353813 0 57863812 0 655005904 0 747642572 0 317650573 0 347350068 0 133393143 0 603018164 0 
573971523 0 114271150 0 588836928 0 171314142 0 535872941 0 262319083 0 690777901 0 841554911 0 308430579 0 812105882 0 894504186 0 103672510 0 388759066 0 542959466 0 297775801 0 999266675 0 666157304 0 745332703 0 523571659 0 638851181 0 752404231 0 982571109 0 423888467 0 957093554 0 879479523 0 818277796 0 535685415 0 493145352 0 796803888 0 701183441 0 28520304 0 617254139 0 574498974 0 845742868 0 204864939 0 352430362 0 59361868 0 51818723 0 863597651 0 683829626 0 172792416 0 141813085 0 356503342 0 114026113 0 735956588 0 835077347 0 24731644 0 995169983 0 722852235 0 272844137 0 168185167 0 380111458 0 567433872 0 821294592 0 486915226 0 307588530 0 649610968 0 525935886 0 132868031 0 439104490 0 820965314 0 742081288 0 613962894 0 52202384 0 43351508 0 7412489 0 346909694 0 23493242 0 619252595 0 66634297 0 438531423 0 67146185 0 735894393 0 591439002 0 553835464 0 914991281 0 134163224 0 113892876 0 695249626 0 926216002 0 260971580 0 665626500 0 530342222 0 998926153 0 215404599 0 379238563 0 219217507 0 951360047 0 169734657 0 19596240 0 542992192 0 142721876 0 455070747 0 877526912 0 804046370 0 813084893 0 501394045 0 470169673 0 217544559 0 827648508 0 505571980 0 276700970 0 379740898 0 241586326 0 519891301 0 213956925 0 714632416 0 747642572 0 258024061 0 191256955 0 347350068 0 259786761 0 92636668 
0 840717299 0 955826061 0 171314142 0 168883808 0 535872941 0 264749417 0 108300680 0 403004467 0 156818943 0 261493312 0 736683384 0 44045998 0 448385578 0 700780268 0 848388371 0 779710354 0 90045764 0 523571659 0 294138113 0 638851181 0 981837777 0 204332146 0 104658970 0 993032573 0 544723938 0 809239273 0 379592302 0 649238465 0 805842411 0 35939019 0 764819562 0 669072862 0 845742868 0 110291051 0 204864939 0 87882172 0 788117981 0 835077347 0 684562958 0 598820900 0 715784608 0 355770010 0 142546417 0 571033928 0 820965314 0 920072681 0 592165516 0 722852235 0 675848604 0 272844137 0 215188798 0 652429206 0 84995334 0 706471547 0 40842754 0 916356744 0 306379565 0 869167289 0 524099824 0 885176962 0 706142269 0 765574530 0 52202384 0 891739879 0 43351508 0 167875001 0 908670204 0 567433872 0 642745837 0 596976519 0 908701096 0 159782853 0 643257725 0 121269329 0 23493242 0 468918809 0 664505446 0 695249626 0 375603432 0 926216002 0 580617774 0 84269750 0 727682259 0 437165643 0 796761349 0 801694728 0 729599003 0 440978551 0 747278499 0 438239497 0 151760399 0 612891549 0 877526912 0 646225568 0 804046370 0 44386230 0 78937880 0 952996376 0 57082047 0 508002314 0 274270636 0 150307352 0 506134516 0 472887670 0 839537495 0 870725529 0 807269084 0 258024061 0 131630443 0 191256955 0 473743686 0 749405272 0 
266745776 0 682272203 0 538303275 0 168883808 0 168883808 0 538303275 0 682272203 0 266745776 0 251392831 0 606206380 0 103672510 0 677056872 0 103672510 0 606206380 0 251392831 0 780443686 0 203598814 0 868284727 0 294138113 0 294138113 0 868284727 0 203598814 0 780443686 0 140597989 0 658276988 0 535685415 0 653146160 0 535685415 0 658276988 0 140597989 0 736299258 0 816638285 0 940316756 0 110291051 0 110291051 0 940316756 0 816638285 0 736299258 0 656042654 0 599554232 0 141813085 0 929741533 0 141813085 0 599554232 0 656042654 0 84995334 0 487506546 0 319847768 0 675848604 0 675848604 0 319847768 0 487506546 0 84995334 0 970172296 0 260399075 0 649610968 0 573125341 0 649610968 0 260399075 0 970172296 0 885176962 0 729635511 0 203814020 0 891739879 0 891739879 0 203814020 0 729635511 0 885176962 0 590927114 0 173088052 0 67146185 0 1337757 0 67146185 0 173088052 0 590927114 0 553927535 0 999261031 0 245862189 0 375603432 0 375603432 0 245862189 0 999261031 0 553927535 0 165921749 0 18522386 0 219217507 0 312076217 0 219217507 0 18522386 0 165921749 0 608768214 0 621930072 0 35347707 0 646225568 0 646225568 0 35347707 0 621930072 0 608768214 0 792533864 0 737435860 0 276700970 0 147877018 0 276700970 0 737435860 0 792533864 0 656768604 0 963362197 0 317650573 0 131630443 0 131630443 0 317650573 0 963362197 0 656768604 
0 108300680 0 264749417 0 535872941 0 168883808 0 171314142 0 955826061 0 840717299 0 848388371 0 700780268 0 448385578 0 44045998 0 736683384 0 261493312 0 156818943 0 403004467 0 204332146 0 981837777 0 638851181 0 294138113 0 523571659 0 90045764 0 779710354 0 35939019 0 805842411 0 649238465 0 379592302 0 809239273 0 544723938 0 993032573 0 104658970 0 788117981 0 87882172 0 204864939 0 110291051 0 845742868 0 669072862 0 764819562 0 820965314 0 571033928 0 142546417 0 355770010 0 715784608 0 598820900 0 684562958 0 835077347 0 652429206 0 215188798 0 272844137 0 675848604 0 722852235 0 592165516 0 920072681 0 885176962 0 524099824 0 869167289 0 306379565 0 916356744 0 40842754 0 706471547 0 84995334 0 908670204 0 167875001 0 43351508 0 891739879 0 52202384 0 765574530 0 706142269 0 23493242 0 121269329 0 643257725 0 159782853 0 908701096 0 596976519 0 642745837 0 567433872 0 84269750 0 580617774 0 926216002 0 375603432 0 695249626 0 664505446 0 468918809 0 438239497 0 747278499 0 440978551 0 729599003 0 801694728 0 796761349 0 437165643 0 727682259 0 78937880 0 44386230 0 804046370 0 646225568 0 877526912 0 612891549 0 151760399 0 839537495 0 472887670 0 506134516 0 150307352 0 274270636 0 508002314 0 57082047 0 952996376 0 749405272 0 473743686 0 191256955 0 131630443 0 258024061 0 807269084 0 870725529 0 
841554911 0 690777901 0 262319083 0 535872941 0 171314142 0 588836928 0 114271150 0 573971523 0 297775801 0 542959466 0 388759066 0 103672510 0 894504186 0 812105882 0 308430579 0 423888467 0 982571109 0 752404231 0 638851181 0 523571659 0 745332703 0 666157304 0 999266675 0 701183441 0 796803888 0 493145352 0 535685415 0 818277796 0 879479523 0 957093554 0 51818723 0 59361868 0 352430362 0 204864939 0 845742868 0 574498974 0 617254139 0 28520304 0 735956588 0 114026113 0 356503342 0 141813085 0 172792416 0 683829626 0 863597651 0 567433872 0 380111458 0 168185167 0 272844137 0 722852235 0 995169983 0 24731644 0 835077347 0 439104490 0 132868031 0 525935886 0 649610968 0 307588530 0 486915226 0 821294592 0 23493242 0 346909694 0 7412489 0 43351508 0 52202384 0 613962894 0 742081288 0 820965314 0 553835464 0 591439002 0 735894393 0 67146185 0 438531423 0 66634297 0 619252595 0 530342222 0 665626500 0 260971580 0 926216002 0 695249626 0 113892876 0 134163224 0 914991281 0 19596240 0 169734657 0 951360047 0 219217507 0 379238563 0 215404599 0 998926153 0 470169673 0 501394045 0 813084893 0 804046370 0 877526912 0 455070747 0 142721876 0 542992192 0 519891301 0 241586326 0 379740898 0 276700970 0 505571980 0 827648508 0 217544559 0 92636668 0 259786761 0 347350068 0 191256955 0 258024061 0 747642572 0 714632416 0 213956925 
0 424032125 0 688347567 0 262319083 0 538303275 0 588836928 0 747282024 0 847525381 0 449387437 0 139954999 0 483332954 0 448385578 0 261493312 0 445116749 0 963717518 0 905426119 0 202127423 0 753137563 0 752404231 0 868284727 0 745332703 0 321444236 0 885713625 0 665244422 0 692144918 0 640710775 0 649238465 0 544723938 0 153033374 0 843540504 0 852434584 0 323062617 0 323910058 0 352430362 0 940316756 0 574498974 0 522680251 0 880954888 0 914991281 0 278948773 0 327983038 0 142546417 0 598820900 0 257801142 0 862864319 0 28520304 0 295116124 0 333107827 0 168185167 0 319847768 0 995169983 0 427736111 0 939736317 0 553927535 0 47872697 0 789636635 0 869167289 0 40842754 0 753661002 0 601738271 0 736299258 0 461732739 0 186447182 0 7412489 0 203814020 0 613962894 0 590469652 0 856904333 0 530342222 0 24005130 0 684075670 0 643257725 0 596976519 0 908189208 0 43141055 0 51818723 0 111698965 0 345980306 0 260971580 0 245862189 0 113892876 0 583550661 0 580235696 0 581356750 0 442052405 0 680116153 0 440978551 0 796761349 0 797881820 0 777165109 0 271243894 0 892625838 0 270092701 0 813084893 0 35347707 0 455070747 0 984901081 0 533953669 0 680353813 0 288589957 0 115192708 0 506134516 0 508002314 0 825218174 0 988111020 0 264548190 0 603018164 0 133393143 0 347350068 0 317650573 0 747642572 0 655005904 0 57863812 0 
582477221 0 421601791 0 688347567 0 264749417 0 955826061 0 747282024 0 480536248 0 273553858 0 291566635 0 80328487 0 542959466 0 606206380 0 812105882 0 596728385 0 560713051 0 778238963 0 972693884 0 753137563 0 981837777 0 90045764 0 321444236 0 541000557 0 886446957 0 656205899 0 536051805 0 796803888 0 658276988 0 879479523 0 117094355 0 738881534 0 271243894 0 587610807 0 323910058 0 87882172 0 669072862 0 522680251 0 786381000 0 852434584 0 457983466 0 492905698 0 114026113 0 599554232 0 683829626 0 436835835 0 27786972 0 727682259 0 248112493 0 333107827 0 215188798 0 592165516 0 427736111 0 342740777 0 104658970 0 162695742 0 704641301 0 132868031 0 260399075 0 486915226 0 868484047 0 516742937 0 438239497 0 301270227 0 186447182 0 167875001 0 765574530 0 590469652 0 705292697 0 35939019 0 511888 0 116641798 0 591439002 0 173088052 0 66634297 0 884695966 0 475707190 0 581356750 0 792052778 0 345980306 0 580617774 0 664505446 0 583550661 0 29623126 0 665244422 0 3812908 0 952433901 0 169734657 0 18522386 0 215404599 0 359642323 0 49482850 0 422456165 0 661324494 0 270092701 0 44386230 0 612891549 0 984901081 0 376132867 0 990961484 0 449052469 0 162196339 0 241586326 0 737435860 0 827648508 0 985680686 0 35114644 0 510381496 0 476624546 0 133393143 0 473743686 0 807269084 0 655005904 0 998237307 0 843906894 
0 580046887 0 421601791 0 690777901 0 682272203 0 114271150 0 480536248 0 906564732 0 842179205 0 231940123 0 139954999 0 700780268 0 156818943 0 963717518 0 193723918 0 655286939 0 548805417 0 972693884 0 982571109 0 203598814 0 666157304 0 541000557 0 541733889 0 990961484 0 500112786 0 692144918 0 805842411 0 993032573 0 843540504 0 12435385 0 886446957 0 535792084 0 587610807 0 59361868 0 816638285 0 617254139 0 786381000 0 757860696 0 542992192 0 671940391 0 278948773 0 571033928 0 684562958 0 862864319 0 601758495 0 999266675 0 680678628 0 248112493 0 380111458 0 487506546 0 24731644 0 342740777 0 507663437 0 608768214 0 819464346 0 47872697 0 524099824 0 706471547 0 601738271 0 783488713 0 780443686 0 277776985 0 301270227 0 346909694 0 729635511 0 742081288 0 705292697 0 884327390 0 470169673 0 93148556 0 24005130 0 121269329 0 642745837 0 43141055 0 317262094 0 423888467 0 261710556 0 792052778 0 665626500 0 999261031 0 134163224 0 29623126 0 114631852 0 422456165 0 514194404 0 442052405 0 747278499 0 437165643 0 777165109 0 631960071 0 778238963 0 191154821 0 661324494 0 501394045 0 621930072 0 142721876 0 376132867 0 833140682 0 768698663 0 322658851 0 288589957 0 472887670 0 57082047 0 988111020 0 32684310 0 770566461 0 383987878 0 476624546 0 259786761 0 963362197 0 714632416 0 998237307 0 784280382 0 
997569673 0 580046887 0 424032125 0 108300680 0 840717299 0 847525381 0 906564732 0 633010874 0 782552693 0 291566635 0 297775801 0 251392831 0 308430579 0 560713051 0 288297806 0 770566461 0 548805417 0 202127423 0 204332146 0 779710354 0 885713625 0 541733889 0 655286939 0 834868371 0 656205899 0 701183441 0 140597989 0 957093554 0 738881534 0 160000808 0 264548190 0 535792084 0 323062617 0 788117981 0 764819562 0 880954888 0 757860696 0 905426119 0 756949117 0 457983466 0 735956588 0 656042654 0 863597651 0 27786972 0 573238191 0 952996376 0 680678628 0 295116124 0 652429206 0 920072681 0 939736317 0 507663437 0 403004467 0 265536811 0 162695742 0 439104490 0 970172296 0 821294592 0 516742937 0 47189455 0 839537495 0 277776985 0 461732739 0 908670204 0 706142269 0 856904333 0 884327390 0 848388371 0 562806341 0 511888 0 553835464 0 590927114 0 619252595 0 475707190 0 265443371 0 680353813 0 261710556 0 111698965 0 84269750 0 468918809 0 580235696 0 114631852 0 449387437 0 932837661 0 3812908 0 19596240 0 165921749 0 998926153 0 49482850 0 360716177 0 768698663 0 191154821 0 892625838 0 78937880 0 151760399 0 533953669 0 833140682 0 842179205 0 642305045 0 449052469 0 519891301 0 792533864 0 217544559 0 35114644 0 768136127 0 873606389 0 383987878 0 603018164 0 749405272 0 870725529 0 57863812 0 784280382 0 940373495 
0 997569673 0 582477221 0 841554911 0 266745776 0 573971523 0 273553858 0 633010874 0 940373495 0 842179205 0 449387437 0 848388371 0 403004467 0 905426119 0 655286939 0 633010874 0 770566461 0 778238963 0 423888467 0 780443686 0 999266675 0 886446957 0 655286939 0 843906894 0 990961484 0 665244422 0 35939019 0 104658970 0 852434584 0 886446957 0 273553858 0 264548190 0 271243894 0 51818723 0 736299258 0 28520304 0 852434584 0 905426119 0 213956925 0 542992192 0 914991281 0 820965314 0 835077347 0 28520304 0 999266675 0 573971523 0 952996376 0 727682259 0 567433872 0 84995334 0 835077347 0 104658970 0 403004467 0 656768604 0 608768214 0 553927535 0 885176962 0 84995334 0 736299258 0 780443686 0 266745776 0 839537495 0 438239497 0 23493242 0 885176962 0 820965314 0 35939019 0 848388371 0 92636668 0 470169673 0 530342222 0 23493242 0 567433872 0 51818723 0 423888467 0 841554911 0 680353813 0 581356750 0 530342222 0 553927535 0 914991281 0 665244422 0 449387437 0 510381496 0 422456165 0 581356750 0 438239497 0 727682259 0 271243894 0 778238963 0 582477221 0 768698663 0 422456165 0 470169673 0 608768214 0 542992192 0 990961484 0 842179205 0 873606389 0 768698663 0 680353813 0 839537495 0 952996376 0 264548190 0 770566461 0 997569673 0 873606389 0 510381496 0 92636668 0 656768604 0 213956925 0 843906894 0 940373495 0 
633010874 0 655286939 0 905426119 0 403004467 0 848388371 0 449387437 0 842179205 0 940373495 0 288297806 0 160000808 0 573238191 0 47189455 0 265443371 0 360716177 0 768136127 0 906564732 0 541733889 0 757860696 0 507663437 0 884327390 0 114631852 0 833140682 0 784280382 0 560713051 0 738881534 0 27786972 0 516742937 0 475707190 0 49482850 0 35114644 0 847525381 0 885713625 0 880954888 0 939736317 0 856904333 0 580235696 0 533953669 0 57863812 0 308430579 0 957093554 0 863597651 0 821294592 0 619252595 0 998926153 0 217544559 0 840717299 0 779710354 0 764819562 0 920072681 0 706142269 0 468918809 0 151760399 0 870725529 0 251392831 0 140597989 0 656042654 0 970172296 0 590927114 0 165921749 0 792533864 0 108300680 0 204332146 0 788117981 0 652429206 0 908670204 0 84269750 0 78937880 0 749405272 0 297775801 0 701183441 0 735956588 0 439104490 0 553835464 0 19596240 0 519891301 0 424032125 0 202127423 0 323062617 0 295116124 0 461732739 0 111698965 0 892625838 0 603018164 0 291566635 0 656205899 0 457983466 0 162695742 0 511888 0 3812908 0 449052469 0 580046887 0 548805417 0 535792084 0 680678628 0 277776985 0 261710556 0 191154821 0 383987878 0 782552693 0 834868371 0 756949117 0 265536811 0 562806341 0 932837661 0 642305045 0 997569673 0 770566461 0 264548190 0 952996376 0 839537495 0 680353813 0 768698663 0 873606389 
0 288297806 0 560713051 0 308430579 0 251392831 0 297775801 0 291566635 0 782552693 0 288297806 0 448298614 0 733238999 0 620427646 0 312632826 0 626159548 0 128852297 0 768136127 0 448298614 0 299594578 0 265524126 0 391990820 0 998959242 0 947772534 0 617421057 0 560713051 0 299594578 0 766668506 0 544529909 0 992450127 0 525190040 0 84597494 0 35114644 0 733238999 0 766668506 0 820691198 0 796640643 0 437140022 0 114189358 0 591817481 0 308430579 0 265524126 0 820691198 0 684892236 0 440547180 0 618178741 0 216470705 0 217544559 0 620427646 0 544529909 0 684892236 0 626214943 0 175061071 0 620679208 0 22485921 0 251392831 0 391990820 0 796640643 0 626214943 0 561099403 0 756848863 0 958455613 0 792533864 0 312632826 0 992450127 0 440547180 0 561099403 0 992939954 0 163207630 0 828343152 0 297775801 0 998959242 0 437140022 0 175061071 0 992939954 0 573431704 0 539487541 0 519891301 0 626159548 0 525190040 0 618178741 0 756848863 0 573431704 0 4324796 0 495643995 0 291566635 0 947772534 0 114189358 0 620679208 0 163207630 0 4324796 0 452865377 0 449052469 0 128852297 0 84597494 0 216470705 0 958455613 0 539487541 0 452865377 0 575142699 0 782552693 0 617421057 0 591817481 0 22485921 0 828343152 0 495643995 0 575142699 0 642305045 0 768136127 0 35114644 0 217544559 0 792533864 0 519891301 0 449052469 0 642305045 0 
655286939 0 193723918 0 963717518 0 156818943 0 700780268 0 139954999 0 231940123 0 842179205 0 448298614 0 21536798 0 780428454 0 885871017 0 673349003 0 394295668 0 128852297 0 541733889 0 206159303 0 807258015 0 149851509 0 506622672 0 832099917 0 732052909 0 833140682 0 299594578 0 327381550 0 283411436 0 20237092 0 41932970 0 560304684 0 84597494 0 885713625 0 614193880 0 706404816 0 677595524 0 376876332 0 971093691 0 172053170 0 533953669 0 265524126 0 129121770 0 641985783 0 304144824 0 439473326 0 835723300 0 216470705 0 779710354 0 385247201 0 464602583 0 391034498 0 95133745 0 326821470 0 491404730 0 151760399 0 391990820 0 48033467 0 766812932 0 217142050 0 727021152 0 549382720 0 958455613 0 204332146 0 100750800 0 644879326 0 349217377 0 645369153 0 71877827 0 912612902 0 78937880 0 998959242 0 734915823 0 876244512 0 728896535 0 12536187 0 93322998 0 539487541 0 202127423 0 949222165 0 820306164 0 79911473 0 868547828 0 466057535 0 607342960 0 892625838 0 947772534 0 405755993 0 276885100 0 621191096 0 167020538 0 453377265 0 452865377 0 548805417 0 664644381 0 765276122 0 494247690 0 220166162 0 730642362 0 836853255 0 191154821 0 617421057 0 374370167 0 857354292 0 585292262 0 761180806 0 137949033 0 575142699 0 770566461 0 32684310 0 988111020 0 57082047 0 472887670 0 288589957 0 322658851 0 768698663 
0 560713051 0 596728385 0 812105882 0 606206380 0 542959466 0 80328487 0 291566635 0 160000808 0 21536798 0 68726253 0 45871818 0 246587187 0 441485123 0 394295668 0 360716177 0 299594578 0 713822740 0 691585398 0 264483361 0 339763347 0 616380292 0 947772534 0 738881534 0 327381550 0 844124487 0 759118626 0 69719942 0 77047614 0 560304684 0 49482850 0 766668506 0 553930190 0 563309142 0 257831213 0 910830001 0 28957496 0 114189358 0 957093554 0 129121770 0 950416362 0 261238371 0 303070970 0 657017885 0 835723300 0 998926153 0 544529909 0 305319875 0 170744845 0 859953307 0 246894144 0 197546992 0 620679208 0 140597989 0 48033467 0 18205756 0 357740039 0 383063799 0 519555009 0 549382720 0 165921749 0 992450127 0 753180006 0 553549523 0 433487127 0 724307033 0 821283099 0 163207630 0 701183441 0 734915823 0 174020306 0 430079969 0 748492775 0 532427488 0 93322998 0 19596240 0 525190040 0 244338282 0 282038896 0 191610438 0 761173659 0 69075692 0 4324796 0 656205899 0 405755993 0 568451735 0 277396988 0 625004004 0 616073007 0 453377265 0 3812908 0 84597494 0 345323002 0 43053100 0 755958246 0 411320983 0 114630233 0 452865377 0 834868371 0 374370167 0 639906978 0 420160626 0 518129916 0 403485844 0 137949033 0 932837661 0 35114644 0 985680686 0 827648508 0 737435860 0 241586326 0 162196339 0 449052469 0 
905426119 0 963717518 0 445116749 0 261493312 0 448385578 0 483332954 0 139954999 0 449387437 0 733238999 0 68726253 0 334169624 0 406587995 0 14723307 0 441485123 0 626159548 0 757860696 0 807258015 0 598150123 0 806217250 0 97624036 0 124043722 0 832099917 0 114631852 0 766668506 0 844124487 0 319831670 0 808601476 0 104834586 0 77047614 0 525190040 0 880954888 0 706404816 0 410834516 0 143544831 0 791784882 0 968693813 0 971093691 0 580235696 0 820691198 0 950416362 0 569668950 0 260164517 0 520615529 0 657017885 0 618178741 0 764819562 0 464602583 0 11462137 0 639663654 0 11713699 0 117619666 0 326821470 0 468918809 0 796640643 0 18205756 0 609132870 0 523661788 0 175597656 0 519555009 0 756848863 0 788117981 0 644879326 0 661850203 0 637819273 0 512425007 0 473712298 0 71877827 0 84269750 0 437140022 0 174020306 0 727855770 0 449676209 0 268384069 0 532427488 0 573431704 0 323062617 0 820306164 0 706071021 0 393737861 0 84236269 0 364191816 0 466057535 0 111698965 0 114189358 0 568451735 0 568963623 0 281209896 0 74056466 0 616073007 0 4324796 0 535792084 0 765276122 0 623099987 0 304763656 0 947113067 0 795308861 0 730642362 0 261710556 0 591817481 0 639906978 0 202713312 0 352998280 0 160434954 0 403485844 0 495643995 0 264548190 0 988111020 0 825218174 0 508002314 0 506134516 0 115192708 0 288589957 0 680353813 
0 308430579 0 812105882 0 894504186 0 103672510 0 388759066 0 542959466 0 297775801 0 573238191 0 780428454 0 334169624 0 694885801 0 174724115 0 14723307 0 673349003 0 265443371 0 265524126 0 691585398 0 712781975 0 639357925 0 881904418 0 339763347 0 998959242 0 27786972 0 283411436 0 319831670 0 369314520 0 843716120 0 104834586 0 41932970 0 475707190 0 820691198 0 563309142 0 991070212 0 677498500 0 849648694 0 910830001 0 437140022 0 863597651 0 641985783 0 569668950 0 568595096 0 477709076 0 520615529 0 439473326 0 619252595 0 684892236 0 170744845 0 480380946 0 791424053 0 882439228 0 246894144 0 175061071 0 656042654 0 766812932 0 609132870 0 775054619 0 316195645 0 175597656 0 727021152 0 590927114 0 440547180 0 553549523 0 746119953 0 716757153 0 261830272 0 724307033 0 992939954 0 735956588 0 876244512 0 727855770 0 747452010 0 969567510 0 268384069 0 12536187 0 553835464 0 618178741 0 282038896 0 817769986 0 286363692 0 687254433 0 761173659 0 573431704 0 457983466 0 276885100 0 568963623 0 572776531 0 730262365 0 74056466 0 167020538 0 511888 0 216470705 0 43053100 0 884810543 0 495918477 0 331100938 0 411320983 0 539487541 0 756949117 0 857354292 0 202713312 0 135550966 0 995303325 0 160434954 0 761180806 0 562806341 0 217544559 0 827648508 0 505571980 0 276700970 0 379740898 0 241586326 0 519891301 0 
403004467 0 156818943 0 261493312 0 736683384 0 44045998 0 448385578 0 700780268 0 848388371 0 620427646 0 45871818 0 694885801 0 463021921 0 174724115 0 246587187 0 312632826 0 507663437 0 149851509 0 806217250 0 545922650 0 423638300 0 97624036 0 506622672 0 884327390 0 544529909 0 759118626 0 369314520 0 404429164 0 843716120 0 69719942 0 992450127 0 939736317 0 677595524 0 143544831 0 525023874 0 735362312 0 791784882 0 376876332 0 856904333 0 684892236 0 261238371 0 568595096 0 786139655 0 477709076 0 303070970 0 440547180 0 920072681 0 391034498 0 639663654 0 632141345 0 662149575 0 11713699 0 95133745 0 706142269 0 626214943 0 357740039 0 775054619 0 567588476 0 316195645 0 383063799 0 561099403 0 652429206 0 349217377 0 637819273 0 825057833 0 466162418 0 512425007 0 645369153 0 908670204 0 175061071 0 430079969 0 747452010 0 267343304 0 969567510 0 748492775 0 992939954 0 295116124 0 79911473 0 393737861 0 710395817 0 889381856 0 84236269 0 868547828 0 461732739 0 620679208 0 277396988 0 572776531 0 21828993 0 730262365 0 625004004 0 163207630 0 680678628 0 494247690 0 304763656 0 75965357 0 879906355 0 947113067 0 220166162 0 277776985 0 22485921 0 420160626 0 135550966 0 777856011 0 995303325 0 518129916 0 828343152 0 952996376 0 57082047 0 508002314 0 274270636 0 150307352 0 506134516 0 472887670 0 839537495 
0 251392831 0 606206380 0 103672510 0 677056872 0 103672510 0 606206380 0 251392831 0 47189455 0 885871017 0 406587995 0 463021921 0 463021921 0 406587995 0 885871017 0 47189455 0 391990820 0 264483361 0 639357925 0 330203025 0 639357925 0 264483361 0 391990820 0 516742937 0 20237092 0 808601476 0 404429164 0 404429164 0 808601476 0 20237092 0 516742937 0 796640643 0 257831213 0 677498500 0 582887686 0 677498500 0 257831213 0 796640643 0 821294592 0 304144824 0 260164517 0 786139655 0 786139655 0 260164517 0 304144824 0 821294592 0 626214943 0 859953307 0 791424053 0 502866867 0 791424053 0 859953307 0 626214943 0 970172296 0 217142050 0 523661788 0 567588476 0 567588476 0 523661788 0 217142050 0 970172296 0 561099403 0 433487127 0 716757153 0 574463098 0 716757153 0 433487127 0 561099403 0 439104490 0 728896535 0 449676209 0 267343304 0 267343304 0 449676209 0 728896535 0 439104490 0 756848863 0 191610438 0 286363692 0 313413974 0 286363692 0 191610438 0 756848863 0 162695742 0 621191096 0 281209896 0 21828993 0 21828993 0 281209896 0 621191096 0 162695742 0 958455613 0 755958246 0 495918477 0 459953235 0 495918477 0 755958246 0 958455613 0 265536811 0 585292262 0 352998280 0 777856011 0 777856011 0 352998280 0 585292262 0 265536811 0 792533864 0 737435860 0 276700970 0 147877018 0 276700970 0 737435860 0 792533864 0 
848388371 0 700780268 0 448385578 0 44045998 0 736683384 0 261493312 0 156818943 0 403004467 0 312632826 0 246587187 0 174724115 0 463021921 0 694885801 0 45871818 0 620427646 0 884327390 0 506622672 0 97624036 0 423638300 0 545922650 0 806217250 0 149851509 0 507663437 0 992450127 0 69719942 0 843716120 0 404429164 0 369314520 0 759118626 0 544529909 0 856904333 0 376876332 0 791784882 0 735362312 0 525023874 0 143544831 0 677595524 0 939736317 0 440547180 0 303070970 0 477709076 0 786139655 0 568595096 0 261238371 0 684892236 0 706142269 0 95133745 0 11713699 0 662149575 0 632141345 0 639663654 0 391034498 0 920072681 0 561099403 0 383063799 0 316195645 0 567588476 0 775054619 0 357740039 0 626214943 0 908670204 0 645369153 0 512425007 0 466162418 0 825057833 0 637819273 0 349217377 0 652429206 0 992939954 0 748492775 0 969567510 0 267343304 0 747452010 0 430079969 0 175061071 0 461732739 0 868547828 0 84236269 0 889381856 0 710395817 0 393737861 0 79911473 0 295116124 0 163207630 0 625004004 0 730262365 0 21828993 0 572776531 0 277396988 0 620679208 0 277776985 0 220166162 0 947113067 0 879906355 0 75965357 0 304763656 0 494247690 0 680678628 0 828343152 0 518129916 0 995303325 0 777856011 0 135550966 0 420160626 0 22485921 0 839537495 0 472887670 0 506134516 0 150307352 0 274270636 0 508002314 0 57082047 0 952996376 
0 297775801 0 542959466 0 388759066 0 103672510 0 894504186 0 812105882 0 308430579 0 265443371 0 673349003 0 14723307 0 174724115 0 694885801 0 334169624 0 780428454 0 573238191 0 998959242 0 339763347 0 881904418 0 639357925 0 712781975 0 691585398 0 265524126 0 475707190 0 41932970 0 104834586 0 843716120 0 369314520 0 319831670 0 283411436 0 27786972 0 437140022 0 910830001 0 849648694 0 677498500 0 991070212 0 563309142 0 820691198 0 619252595 0 439473326 0 520615529 0 477709076 0 568595096 0 569668950 0 641985783 0 863597651 0 175061071 0 246894144 0 882439228 0 791424053 0 480380946 0 170744845 0 684892236 0 590927114 0 727021152 0 175597656 0 316195645 0 775054619 0 609132870 0 766812932 0 656042654 0 992939954 0 724307033 0 261830272 0 716757153 0 746119953 0 553549523 0 440547180 0 553835464 0 12536187 0 268384069 0 969567510 0 747452010 0 727855770 0 876244512 0 735956588 0 573431704 0 761173659 0 687254433 0 286363692 0 817769986 0 282038896 0 618178741 0 511888 0 167020538 0 74056466 0 730262365 0 572776531 0 568963623 0 276885100 0 457983466 0 539487541 0 411320983 0 331100938 0 495918477 0 884810543 0 43053100 0 216470705 0 562806341 0 761180806 0 160434954 0 995303325 0 135550966 0 202713312 0 857354292 0 756949117 0 519891301 0 241586326 0 379740898 0 276700970 0 505571980 0 827648508 0 217544559 0 
449387437 0 139954999 0 483332954 0 448385578 0 261493312 0 445116749 0 963717518 0 905426119 0 626159548 0 441485123 0 14723307 0 406587995 0 334169624 0 68726253 0 733238999 0 114631852 0 832099917 0 124043722 0 97624036 0 806217250 0 598150123 0 807258015 0 757860696 0 525190040 0 77047614 0 104834586 0 808601476 0 319831670 0 844124487 0 766668506 0 580235696 0 971093691 0 968693813 0 791784882 0 143544831 0 410834516 0 706404816 0 880954888 0 618178741 0 657017885 0 520615529 0 260164517 0 569668950 0 950416362 0 820691198 0 468918809 0 326821470 0 117619666 0 11713699 0 639663654 0 11462137 0 464602583 0 764819562 0 756848863 0 519555009 0 175597656 0 523661788 0 609132870 0 18205756 0 796640643 0 84269750 0 71877827 0 473712298 0 512425007 0 637819273 0 661850203 0 644879326 0 788117981 0 573431704 0 532427488 0 268384069 0 449676209 0 727855770 0 174020306 0 437140022 0 111698965 0 466057535 0 364191816 0 84236269 0 393737861 0 706071021 0 820306164 0 323062617 0 4324796 0 616073007 0 74056466 0 281209896 0 568963623 0 568451735 0 114189358 0 261710556 0 730642362 0 795308861 0 947113067 0 304763656 0 623099987 0 765276122 0 535792084 0 495643995 0 403485844 0 160434954 0 352998280 0 202713312 0 639906978 0 591817481 0 680353813 0 288589957 0 115192708 0 506134516 0 508002314 0 825218174 0 988111020 0 264548190 
0 291566635 0 80328487 0 542959466 0 606206380 0 812105882 0 596728385 0 560713051 0 360716177 0 394295668 0 441485123 0 246587187 0 45871818 0 68726253 0 21536798 0 160000808 0 947772534 0 616380292 0 339763347 0 264483361 0 691585398 0 713822740 0 299594578 0 49482850 0 560304684 0 77047614 0 69719942 0 759118626 0 844124487 0 327381550 0 738881534 0 114189358 0 28957496 0 910830001 0 257831213 0 563309142 0 553930190 0 766668506 0 998926153 0 835723300 0 657017885 0 303070970 0 261238371 0 950416362 0 129121770 0 957093554 0 620679208 0 197546992 0 246894144 0 859953307 0 170744845 0 305319875 0 544529909 0 165921749 0 549382720 0 519555009 0 383063799 0 357740039 0 18205756 0 48033467 0 140597989 0 163207630 0 821283099 0 724307033 0 433487127 0 553549523 0 753180006 0 992450127 0 19596240 0 93322998 0 532427488 0 748492775 0 430079969 0 174020306 0 734915823 0 701183441 0 4324796 0 69075692 0 761173659 0 191610438 0 282038896 0 244338282 0 525190040 0 3812908 0 453377265 0 616073007 0 625004004 0 277396988 0 568451735 0 405755993 0 656205899 0 452865377 0 114630233 0 411320983 0 755958246 0 43053100 0 345323002 0 84597494 0 932837661 0 137949033 0 403485844 0 518129916 0 420160626 0 639906978 0 374370167 0 834868371 0 449052469 0 162196339 0 241586326 0 737435860 0 827648508 0 985680686 0 35114644 0 
842179205 0 231940123 0 139954999 0 700780268 0 156818943 0 963717518 0 193723918 0 655286939 0 128852297 0 394295668 0 673349003 0 885871017 0 780428454 0 21536798 0 448298614 0 833140682 0 732052909 0 832099917 0 506622672 0 149851509 0 807258015 0 206159303 0 541733889 0 84597494 0 560304684 0 41932970 0 20237092 0 283411436 0 327381550 0 299594578 0 533953669 0 172053170 0 971093691 0 376876332 0 677595524 0 706404816 0 614193880 0 885713625 0 216470705 0 835723300 0 439473326 0 304144824 0 641985783 0 129121770 0 265524126 0 151760399 0 491404730 0 326821470 0 95133745 0 391034498 0 464602583 0 385247201 0 779710354 0 958455613 0 549382720 0 727021152 0 217142050 0 766812932 0 48033467 0 391990820 0 78937880 0 912612902 0 71877827 0 645369153 0 349217377 0 644879326 0 100750800 0 204332146 0 539487541 0 93322998 0 12536187 0 728896535 0 876244512 0 734915823 0 998959242 0 892625838 0 607342960 0 466057535 0 868547828 0 79911473 0 820306164 0 949222165 0 202127423 0 452865377 0 453377265 0 167020538 0 621191096 0 276885100 0 405755993 0 947772534 0 191154821 0 836853255 0 730642362 0 220166162 0 494247690 0 765276122 0 664644381 0 548805417 0 575142699 0 137949033 0 761180806 0 585292262 0 857354292 0 374370167 0 617421057 0 768698663 0 322658851 0 288589957 0 472887670 0 57082047 0 988111020 0 32684310 0 770566461 
0 782552693 0 291566635 0 297775801 0 251392831 0 308430579 0 560713051 0 288297806 0 768136127 0 128852297 0 626159548 0 312632826 0 620427646 0 733238999 0 448298614 0 288297806 0 617421057 0 947772534 0 998959242 0 391990820 0 265524126 0 299594578 0 448298614 0 35114644 0 84597494 0 525190040 0 992450127 0 544529909 0 766668506 0 299594578 0 560713051 0 591817481 0 114189358 0 437140022 0 796640643 0 820691198 0 766668506 0 733238999 0 217544559 0 216470705 0 618178741 0 440547180 0 684892236 0 820691198 0 265524126 0 308430579 0 22485921 0 620679208 0 175061071 0 626214943 0 684892236 0 544529909 0 620427646 0 792533864 0 958455613 0 756848863 0 561099403 0 626214943 0 796640643 0 391990820 0 251392831 0 828343152 0 163207630 0 992939954 0 561099403 0 440547180 0 992450127 0 312632826 0 519891301 0 539487541 0 573431704 0 992939954 0 175061071 0 437140022 0 998959242 0 297775801 0 495643995 0 4324796 0 573431704 0 756848863 0 618178741 0 525190040 0 626159548 0 449052469 0 452865377 0 4324796 0 163207630 0 620679208 0 114189358 0 947772534 0 291566635 0 575142699 0 452865377 0 539487541 0 958455613 0 216470705 0 84597494 0 128852297 0 642305045 0 575142699 0 495643995 0 828343152 0 22485921 0 591817481 0 617421057 0 782552693 0 642305045 0 449052469 0 519891301 0 792533864 0 217544559 0 35114644 0 768136127 0 
